[0, 0.51445195037862756, 0.46237326968790937]
[1, 0.46051237044708215, 0.45235955771730246]
[2, 0.4547224965672011, 0.45036450904587799]
[3, 0.44805993327840199, 0.44481212690660471]
[4, 0.44529593759240083, 0.44233348899042818]
[5, 0.4414284135797884, 0.43681937965748302]
[6, 0.43571625454308949, 0.42881520003191653]
[7, 0.42644142081459174, 0.41676694215179177]
[8, 0.40990645215438692, 0.39925899002083293]
[9, 0.39411157258290658, 0.38797331729491191]
[10, 0.38042332419066155, 0.37679449045464997]
[11, 0.37106601065269229, 0.37219215381061171]
[12, 0.36349639944221146, 0.35802633275342077]
[13, 0.35754616767274844, 0.3486412871606942]
[14, 0.3497818429667725, 0.3414932123064186]
[15, 0.34383309699003017, 0.33847368531211075]
[16, 0.33766026820186518, 0.32585343590035493]
[17, 0.33054448901335093, 0.32483262482167508]
[18, 0.32348979037781211, 0.32106901230628793]
[19, 0.32026940190997377, 0.32000334691193577]
[20, 0.31462876352058949, 0.30948273817693051]
[21, 0.30939187620896408, 0.30271497384099078]
[22, 0.30416620912349102, 0.30023631330222739]
[23, 0.30084100978412859, 0.29274417190895441]
[24, 0.29674481100913225, 0.29361205615183827]
[25, 0.2930570106609921, 0.28259130877948169]
[26, 0.28977393480611113, 0.28098798727249152]
[27, 0.28691762014908623, 0.28134858843843596]
[28, 0.28314502904912947, 0.2816278783432038]
[29, 0.278763784073777, 0.27423514898232965]
[30, 0.27710572766415031, 0.26908721341359393]
[31, 0.27211988394863579, 0.27335196615538976]
[32, 0.27068443582220814, 0.26325037577478255]
[33, 0.26511176622125548, 0.26801513252514481]
[34, 0.26373092914429991, 0.26448376106311172]
[35, 0.25993140996936226, 0.25743354553358927]
[36, 0.25568884408265535, 0.24801966268470732]
[37, 0.25396284693604432, 0.245101914642402]
[38, 0.25281136989474939, 0.24543726792056883]
[39, 0.24875501094051231, 0.24041832364316609]
[40, 0.24514964191300795, 0.2489818121794741]
[41, 0.24410403799886909, 0.23953617972428809]
[42, 0.23883502874907686, 0.23735274433403369]
[43, 0.23769181019728544, 0.23192555774756393]
[44, 0.23628536750136703, 0.22269071391207951]
[45, 0.23119474002298313, 0.23223148697715493]
[46, 0.22992267347475207, 0.21932167766225036]
[47, 0.22741300860374444, 0.21998745976583717]
[48, 0.22563958208763482, 0.22005458118265778]
[49, 0.22476209603914027, 0.21291505715303408]
[50, 0.22444447067242668, 0.2147888210346926]
[51, 0.22270902603894543, 0.21357408758034252]
[52, 0.22031322694083089, 0.21109636766035783]
[53, 0.21452806888514123, 0.21444813244044125]
[54, 0.214312960795601, 0.20550354798049683]
[55, 0.2134980179168523, 0.20598708770170918]
[56, 0.21172540438780166, 0.2021834222537463]
[57, 0.21034380969293209, 0.20451884664286432]
[58, 0.20765826295219006, 0.19880580014973476]
[59, 0.20821215458749234, 0.21450110420833679]
[60, 0.20569043520125246, 0.19737358939713551]
[61, 0.20377821768314203, 0.19823116918140118]
[62, 0.20274019962912662, 0.19261952198541007]
[63, 0.20149303762705173, 0.19737940954620381]
[64, 0.20136345212075935, 0.19851881420212014]
[65, 0.19878804404582825, 0.18906951510863251]
[66, 0.19672530388955073, 0.19019854648039752]
[67, 0.1960831846710622, 0.18529499322156714]
[68, 0.19395053934498629, 0.18640757571702027]
[69, 0.19259943099016116, 0.19057493517334381]
[70, 0.19182823234453311, 0.18406392416921402]
[71, 0.19015249698437917, 0.18052416300692789]
[72, 0.18793631015849571, 0.18451573079939265]
[73, 0.18660137472656799, 0.18194460109171429]
[74, 0.18863595443811179, 0.17727449534042197]
[75, 0.18513127017293618, 0.18197077554245442]
[76, 0.1840174902265008, 0.17510630306088254]
[77, 0.18452359464804477, 0.17494814831568709]
[78, 0.1822505572526531, 0.18023785391173011]
[79, 0.18091418083618632, 0.169605100029006]
[80, 0.18096132258039468, 0.18016624272239104]
[81, 0.1784079041820581, 0.17852670018770284]
[82, 0.17622226292673246, 0.16955498225174853]
[83, 0.17913418002674758, 0.16967959486413517]
[84, 0.17517322364635812, 0.16864237243629934]
[85, 0.17506272772659864, 0.17704425024241352]
[86, 0.17424296103277057, 0.16520951231728076]
[87, 0.17386647133175775, 0.16464590002563434]
[88, 0.17158388372524758, 0.16394472343237168]
[89, 0.17231487056032832, 0.16180073354201333]
[90, 0.16937831000769585, 0.16204158436557189]
[91, 0.16866222025297117, 0.15777875370674388]
[92, 0.16759704878304874, 0.16235720777409804]
[93, 0.16750061835927385, 0.16161936755953726]
[94, 0.16634475116319827, 0.16745764184017975]
[95, 0.16462274651248179, 0.16449123846515926]
[96, 0.16574150430113241, 0.15138944174433908]
[97, 0.16294628025883737, 0.15139773768641329]
[98, 0.16308278525320444, 0.15456646012559833]
[99, 0.16128159899245259, 0.14834116195749078]
[100, 0.15870775809281065, 0.15278980495489178]
[101, 0.15945292765548039, 0.15071176218235122]
[102, 0.15834023239857356, 0.14992630960164996]
[103, 0.15889717115223631, 0.15046187422739746]
[104, 0.15750214001962637, 0.15940680050624895]
[105, 0.15573670903256454, 0.15443770606953866]
[106, 0.15705213019069292, 0.15440675235173426]
[107, 0.15515742583459205, 0.14910358049069208]
[108, 0.15440803717119889, 0.1468824697294929]
[109, 0.15154650203390257, 0.1448374877892819]
[110, 0.15187349598194663, 0.14550489479491779]
[111, 0.15082986229035472, 0.15122985076530449]
[112, 0.15150050572656751, 0.14119983877657769]
[113, 0.15101623732748889, 0.14673360014557418]
[114, 0.1491701320885773, 0.1399150531816038]
[115, 0.14867361143129731, 0.14367118793314723]
[116, 0.1476026019559607, 0.13895817304199556]
[117, 0.14699252964491877, 0.1430465935120431]
[118, 0.14627196531877071, 0.13661867358584007]
[119, 0.14508095668037196, 0.13828027214150659]
[120, 0.14443469270788301, 0.14105389903787688]
[121, 0.14455068346456432, 0.13748524074484944]
[122, 0.14198846431399362, 0.13522177660892878]
[123, 0.14285370641388123, 0.13654042502089977]
[124, 0.14117079111611502, 0.13246899277533222]
[125, 0.14112837872987682, 0.13133087756970346]
[126, 0.13933209986280018, 0.13153397359370672]
[127, 0.13962252494338628, 0.13146978315578708]
[128, 0.14064875374132929, 0.13337260177083959]
[129, 0.13797747472662808, 0.12912097538505649]
[130, 0.13562083208988907, 0.13651831293373332]
[131, 0.13638859867427272, 0.14018985050300881]
[132, 0.13581923029031207, 0.12792616426816267]
[133, 0.13303110168330551, 0.12745549393382874]
[134, 0.13320467648327955, 0.12486636508333775]
[135, 0.13329731019709515, 0.12959496402256643]
[136, 0.1328005851582679, 0.12250226040364433]
[137, 0.13063399482377264, 0.13064141794772996]
[138, 0.13061884441634306, 0.1222529964797231]
[139, 0.13039952213804989, 0.13549276131986746]
[140, 0.13133940719981263, 0.12281139963259195]
[141, 0.1289126397356081, 0.11893731658188836]
[142, 0.1284996181986712, 0.11978032787043451]
[143, 0.12809139476261308, 0.11748198735092963]
[144, 0.12670509272044614, 0.11942478303980832]
[145, 0.1260124187318421, 0.11779331068077351]
[146, 0.12528805097300796, 0.11613281814282379]
[147, 0.12419174782166593, 0.11517603044189209]
[148, 0.12319134817256711, 0.11846413752560384]
[149, 0.12511041254910332, 0.11389584500854111]
[150, 0.12226334682629419, 0.12141992506521207]
[151, 0.12235082802385873, 0.11386458954673519]
[152, 0.12078267974281584, 0.11240381782101472]
[153, 0.12009759997058199, 0.11587090210048936]
[154, 0.11972505288681498, 0.11888536313618428]
[155, 0.1198435906393957, 0.11066225619674785]
[156, 0.11899094506113597, 0.11872956916740132]
[157, 0.11744151581229147, 0.11739499437026432]
[158, 0.11684672191345175, 0.11493744769733708]
[159, 0.1164947452864015, 0.10990730532744902]
[160, 0.11636676982470823, 0.11147827560725698]
[161, 0.11584842258942903, 0.10908645105073678]
[162, 0.11475843435892186, 0.10867943664611991]
[163, 0.11537465337974757, 0.10991922672240245]
[164, 0.11366179317216524, 0.10419956755825202]
[165, 0.11323642737325315, 0.10804404139988173]
[166, 0.11319504178528081, 0.10819661475157626]
[167, 0.11177384010713994, 0.10034918130536631]
[168, 0.11217433516739922, 0.10462981823180334]
[169, 0.10996657910531124, 0.10498753778017249]
[170, 0.10905551752858537, 0.10366570820168239]
[171, 0.1094038391998771, 0.11046624379047444]
[172, 0.10814403201985889, 0.10740722229282991]
[173, 0.10679528035454085, 0.10125623050719244]
[174, 0.10675781117792169, 0.10538588362601196]
[175, 0.10671144802708711, 0.10522759108002981]
[176, 0.10618063404233624, 0.10145851271236429]
[177, 0.10503710775184172, 0.10257388842982348]
[178, 0.10556654084439097, 0.10163047065877427]
[179, 0.10564308605629281, 0.096418872813087933]
[180, 0.10215282067561939, 0.1027797182552736]
[181, 0.10273186386615166, 0.099935721810643877]
[182, 0.10227722024066804, 0.095127748786570474]
[183, 0.10331200610846498, 0.097441459620990142]
[184, 0.10223546881593766, 0.095400411526526688]
[185, 0.10139976049910392, 0.096599593796249647]
[186, 0.10003025281004639, 0.096183082818407914]
[187, 0.10043908017739994, 0.092480280952781865]
[188, 0.10011458921587407, 0.092398673400451214]
[189, 0.098984677611963834, 0.096073097352560241]
[190, 0.099063655344965015, 0.090771382044027682]
[191, 0.097877986948607748, 0.09083301138660127]
[192, 0.098264965182574687, 0.093815788028292824]
[193, 0.096898223204874678, 0.090925580352869753]
[194, 0.097174337116089901, 0.091116900663237008]
[195, 0.095908140733621597, 0.091828935113120028]
[196, 0.095832597203577452, 0.089886011054546938]
[197, 0.095757292117321785, 0.094067178001762106]
[198, 0.09390270722477527, 0.092494151110220482]
[199, 0.094303188842484412, 0.089934388961694881]
[200, 0.092772031201210581, 0.088695898396253303]
[201, 0.093422918696701079, 0.086403664537483785]
[202, 0.094208895110823587, 0.087991699798185496]
[203, 0.09116240396843478, 0.086742480920339468]
[204, 0.091247085195739111, 0.087142563972202616]
[205, 0.09057829685020044, 0.087317247521360483]
[206, 0.091048072381665526, 0.085059905825836016]
[207, 0.090168070720305332, 0.085955580049754537]
[208, 0.089182537749780438, 0.084164852283292832]
[209, 0.089409820745849411, 0.083763687366581754]
[210, 0.08832271532122167, 0.08505007254687745]
[211, 0.088020996861999365, 0.080337932732155448]
[212, 0.086320172237830201, 0.081104449412198132]
[213, 0.085726012414164124, 0.086857940182947319]
[214, 0.086784187355688977, 0.083598530818111125]
[215, 0.085307405182881033, 0.081777740915648961]
[216, 0.085381870015699288, 0.086345705008943674]
[217, 0.08608151732552205, 0.07935151437805521]
[218, 0.08534775077372761, 0.080328538949276343]
[219, 0.084160929453026376, 0.078703580675595977]
[220, 0.08266109070122539, 0.079756152631508273]
[221, 0.083878462587823152, 0.080372399870252048]
[222, 0.083165141263018619, 0.078842024769882585]
[223, 0.082484972407996945, 0.08071687673920204]
[224, 0.081671113163253206, 0.075226373403566707]
[225, 0.080854637687822209, 0.079525272006857328]
[226, 0.08058355787615866, 0.075957102147794733]
[227, 0.080471809308127196, 0.077781571692199999]
[228, 0.08012807209694478, 0.076968124562078091]
[229, 0.079356554419255473, 0.074099009222942727]
[230, 0.078953743426674647, 0.078093205276531505]
[231, 0.078090634930954389, 0.074469563082765949]
[232, 0.078503160349062545, 0.079736748857241788]
[233, 0.076546988039489658, 0.071285943525328507]
[234, 0.077523033623136034, 0.073578953184098767]
[235, 0.077680385336087426, 0.074777268821424742]
[236, 0.07680188637629648, 0.071325167228260142]
[237, 0.076814917527371532, 0.073883301286456995]
[238, 0.075603454540129456, 0.073650314537378095]
[239, 0.07560615675773448, 0.070388180790043609]
[240, 0.07550728692881839, 0.072321030559718058]
[241, 0.075233255582062245, 0.072309138072276027]
[242, 0.074454549625519326, 0.077054899556008305]
[243, 0.075381141661785139, 0.07026900114837914]
[244, 0.074052359333651618, 0.072125598262403029]
[245, 0.074219898332702178, 0.068211699794716196]
[246, 0.073146157343927598, 0.069346222843850516]
[247, 0.073504586165037189, 0.072618266547287244]
[248, 0.072951010684948414, 0.067832969897884024]
[249, 0.070383487621181157, 0.067761640623356156]
[250, 0.072811308147349957, 0.069721617915652928]
[251, 0.071292734753632042, 0.065336993763037698]
[252, 0.070881291125939355, 0.076126773412375656]
[253, 0.070468688009483874, 0.068355795596345928]
[254, 0.07053305896436772, 0.068630275821888923]
[255, 0.069857621455275368, 0.071667484093748221]
[256, 0.070874981453207073, 0.068357909481969431]
[257, 0.06982514384997926, 0.066870626124707455]
[258, 0.070499426848514166, 0.067669000414373237]
[259, 0.069293909128096021, 0.065680536466585546]
[260, 0.068666984119296059, 0.067973619561464887]
[261, 0.068207159856654001, 0.064370875684035184]
[262, 0.067588610946443542, 0.064897080710281344]
[263, 0.067698819300027566, 0.063524109514097801]
[264, 0.06724815000540027, 0.065907886987949263]
[265, 0.066647516310536226, 0.063928281120023869]
[266, 0.066621244889023531, 0.067253326219231857]
[267, 0.066841949144787582, 0.063330103660375878]
[268, 0.06673111915575658, 0.066219714025903237]
[269, 0.066401387434587664, 0.063086579772272347]
[270, 0.064621164807728115, 0.063646958559229722]
[271, 0.065009722873502485, 0.061861417583501631]
[272, 0.065596026374291738, 0.063816842291725628]
[273, 0.0655517394292192, 0.063674180329096636]
[274, 0.064431268926535043, 0.063258138554693172]
[275, 0.064376954861024654, 0.062019934270233931]
[276, 0.064489009458574359, 0.060987344462169205]
[277, 0.064188051989968381, 0.063275435313323122]
[278, 0.063573428859937137, 0.063138178204890982]
[279, 0.062703959827286521, 0.062923429529012309]
[280, 0.062852609776199525, 0.062094540881818261]
[281, 0.063828888505920098, 0.06392146977249212]
[282, 0.063451371613342467, 0.06110763794618012]
[283, 0.063299661985878039, 0.061422742568045974]
[284, 0.062606341810982485, 0.060869311540640694]
[285, 0.061532510984382269, 0.059364662837661814]
[286, 0.061931995024307053, 0.059749745268195771]
[287, 0.061044927267628134, 0.059700006533366587]
[288, 0.061032058818999625, 0.061402380773117028]
[289, 0.061508460804996556, 0.061758630476431424]
[290, 0.060644934539311121, 0.059574821491918846]
[291, 0.060161171414059848, 0.058817014524051338]
[292, 0.059406356293155924, 0.059746109610018028]
[293, 0.060250460933684323, 0.062167449476561006]
[294, 0.06000148676427744, 0.057637668619400034]
[295, 0.059562671280111307, 0.057971049262017321]
[296, 0.059336641304572953, 0.055879952699251272]
[297, 0.05966509710549165, 0.057430613522648929]
[298, 0.059200885866905063, 0.057513480179010874]
[299, 0.058632728279317689, 0.058549507278609331]
[300, 0.059341549230004051, 0.055902350808738968]
[301, 0.058302498065588966, 0.057370320505911725]
[302, 0.058118413498415136, 0.05680560090484954]
[303, 0.058467149681217072, 0.05851322977591724]
[304, 0.058218840126837694, 0.057059057489021417]
[305, 0.058496015573053839, 0.056711468227367341]
[306, 0.058312059594566021, 0.055793365708259379]
[307, 0.057730885674477636, 0.054920390151982933]
[308, 0.058201468852140351, 0.056627828562565624]
[309, 0.057400355595286383, 0.054394892286721001]
[310, 0.05718969188274451, 0.054751828939881619]
[311, 0.056353587240971705, 0.054831809265026059]
[312, 0.057485953733808798, 0.055212862686922846]
[313, 0.057035482323505332, 0.0561844937243276]
[314, 0.055819129264844891, 0.053830529175115931]
[315, 0.055986127680741557, 0.057467327654163784]
[316, 0.055657769085288376, 0.054546186652255725]
[317, 0.056281666524976147, 0.053553216357912201]
[318, 0.055272606641681037, 0.054356418127972948]
[319, 0.055785357374582796, 0.054032038483328035]
[320, 0.055463486001569341, 0.055513794674195635]
[321, 0.055304450824642207, 0.054230820363608746]
[322, 0.055298796445089116, 0.054235473184426668]
[323, 0.054732876184194881, 0.052211302634709286]
[324, 0.054483056155533706, 0.05357938006893976]
[325, 0.054645196077909013, 0.052538179358569373]
[326, 0.054412548101022411, 0.053463608368486175]
[327, 0.053765759750765328, 0.053228997481387014]
[328, 0.054077811252345578, 0.053999374352266448]
[329, 0.053826659696489781, 0.052974005567838663]
[330, 0.054528828698382069, 0.055799468742226681]
[331, 0.053059148678280661, 0.0516953347906891]
[332, 0.053507822764573575, 0.052555546849614332]
[333, 0.053442363573215461, 0.051846556295668575]
[334, 0.052789940427733467, 0.052686792745338641]
[335, 0.052912857549679157, 0.052098036213636206]
[336, 0.053327753476516859, 0.053679015137826504]
[337, 0.052948983968441506, 0.052254737891121492]
[338, 0.052342781827691066, 0.05074798934016167]
[339, 0.052433479921516639, 0.050931914084664243]
[340, 0.052367893182091153, 0.051763895837172981]
[341, 0.052087723461088233, 0.049804821282917494]
[342, 0.051565927559741348, 0.051905876880853713]
[343, 0.052323806194941654, 0.051713859472125659]
[344, 0.052134968856035628, 0.05165438748424557]
[345, 0.051457448697275934, 0.052670002561828334]
[346, 0.05146101405480373, 0.050028444838565223]
[347, 0.051658112752453356, 0.049543937294512709]
[348, 0.051871306788350155, 0.051860559407804603]
[349, 0.051064204385929991, 0.050817312001156953]
[350, 0.05209662459929322, 0.051017797620996175]
[351, 0.051089215239356479, 0.048994157113402569]
[352, 0.05143434988056933, 0.050454384814633858]
[353, 0.051428182829773919, 0.049353921666061354]
[354, 0.050718168314770731, 0.048492195367567589]
[355, 0.050745096805904284, 0.052526638203676784]
[356, 0.050855244047600813, 0.049751143066696674]
[357, 0.050573645243924166, 0.048480853142530998]
[358, 0.050526335126326441, 0.051052961440623934]
[359, 0.051016157594102662, 0.048750997293725007]
[360, 0.049756830301280572, 0.048842812619164309]
[361, 0.049937361477446887, 0.048548005389893789]
[362, 0.050148009205309305, 0.05019362716761646]
[363, 0.049252040735052689, 0.050169859434091996]
[364, 0.049429737445004007, 0.047520613788515798]
[365, 0.049307381900055104, 0.049641450935986299]
[366, 0.050149842541104744, 0.047540731093524219]
[367, 0.049458979624151113, 0.048194455036633159]
[368, 0.049366058822707941, 0.046840088689645856]
[369, 0.049703313515324976, 0.048300556097732067]
[370, 0.048744800350811024, 0.048196357795090475]
[371, 0.049107228512762294, 0.048464877290572826]
[372, 0.049707038634565631, 0.047605571306551166]
[373, 0.04876110324995387, 0.048142979866169694]
[374, 0.049339336140736934, 0.047978004756716805]
[375, 0.048550083179823421, 0.049803890526302373]
[376, 0.048846454760607519, 0.047424918117405665]
[377, 0.048097628784068147, 0.048987923110667526]
[378, 0.048580075281375076, 0.048354400728382256]
[379, 0.048015421563025101, 0.048106871551428225]
[380, 0.048565260984080712, 0.049600047957124076]
[381, 0.048309415088685921, 0.050031596863916186]
[382, 0.048140174994096736, 0.048432059789596478]
[383, 0.048068862656972543, 0.04783883258643698]
[384, 0.047969462689994954, 0.046874259241491655]
[385, 0.04790488475881155, 0.048232010637894264]
[386, 0.047870343633012097, 0.046020397508109739]
[387, 0.047188115181214567, 0.04717073673960482]
[388, 0.047331622794449066, 0.045448752854686317]
[389, 0.047240536024102386, 0.045849721656384561]
[390, 0.046913805546640541, 0.046880619856147311]
[391, 0.046921967366605796, 0.045498909535182756]
[392, 0.046238593186811824, 0.047495708375344892]
[393, 0.04664404013721396, 0.046367832945529937]
[394, 0.046835061099831765, 0.046360697121935503]
[395, 0.047210464083072612, 0.04621688793916074]
[396, 0.046900510929680811, 0.04624383548053259]
[397, 0.046568960890927526, 0.045311063908278187]
[398, 0.046568570086405872, 0.045363944327086049]
[399, 0.046686617384502499, 0.045376125168231959]
[400, 0.046662387445565515, 0.045612855277716177]
[401, 0.046299935904098616, 0.04620007918556833]
[402, 0.046259758883239153, 0.04537903534586181]
[403, 0.046231288740605461, 0.045661234161435443]
[404, 0.045853451141534864, 0.044519329081528454]
[405, 0.045648252820214327, 0.045171042992333287]
[406, 0.045733471347570213, 0.045339856072205149]
[407, 0.046085526663613492, 0.045244003525647079]
[408, 0.04608704709399062, 0.04622031523068925]
[409, 0.046027199223484361, 0.044007030927355743]
[410, 0.045693896429854421, 0.04465869171446913]
[411, 0.045267403439500004, 0.045560020067108215]
[412, 0.045727669309588152, 0.04505447812151276]
[413, 0.045105119826813443, 0.045384531638924162]
[414, 0.044896703505087246, 0.044875449431233262]
[415, 0.045503654941367148, 0.044803905630679458]
[416, 0.045883547613596726, 0.044626942341002666]
[417, 0.045542563139114881, 0.045702900033640553]
[418, 0.045679580554607926, 0.044093540547774673]
[419, 0.044968766201073117, 0.045520820912210026]
[420, 0.045017529371685273, 0.04417385161730978]
[421, 0.044850128699853511, 0.044238709159852535]
[422, 0.045029290055990177, 0.04335781904919514]
[423, 0.045496312066772564, 0.044431110635645379]
[424, 0.045128423442661957, 0.044724905869988479]
[425, 0.044662845836150405, 0.043512845148981349]
[426, 0.044651188211783557, 0.044835626838614105]
[427, 0.044896910165954103, 0.044798737876957963]
[428, 0.044712969072029408, 0.043919883825069818]
[429, 0.044613859468647446, 0.044547110528101827]
[430, 0.044595370398902059, 0.043269585274358743]
[431, 0.044434300068815075, 0.042521992113723178]
[432, 0.044298019061133717, 0.043829376501095897]
[433, 0.043963357391087102, 0.044168279268238984]
[434, 0.04402867264257735, 0.043938494249086593]
[435, 0.044267296106799962, 0.04380356351418202]
[436, 0.043672714495718711, 0.044715263168530812]
[437, 0.044475892641430329, 0.043175791874860661]
[438, 0.044288598309618572, 0.043972879550928226]
[439, 0.044026336554313227, 0.043412897156356399]
[440, 0.043950364642330556, 0.04382222940742226]
[441, 0.043499928038021496, 0.043746986458040878]
[442, 0.043767893035872411, 0.044909340030965909]
[443, 0.043828815082529698, 0.043250914514724265]
[444, 0.043552811026196264, 0.043796917585219301]
[445, 0.044317651806321988, 0.042922070718181618]
[446, 0.043697941487199042, 0.04343478097330173]
[447, 0.043798171385799708, 0.043237015856992619]
[448, 0.043533857936849697, 0.042686381056458077]
[449, 0.043411321521247499, 0.042757944081394841]
[450, 0.04359283412570527, 0.043778327634251636]
[451, 0.043448570132211241, 0.043104423334290473]
[452, 0.043244854546437644, 0.043742754551709721]
[453, 0.043497489825640667, 0.043088681447052427]
[454, 0.043237163660663352, 0.043324773165218357]
[455, 0.043613427845984667, 0.044192273859713638]
[456, 0.04328761756136261, 0.044337833268582608]
[457, 0.042990055229438655, 0.043615790178822562]
[458, 0.04300540471002081, 0.042384152401700473]
[459, 0.043015945779863105, 0.043395278201854445]
[460, 0.043134119531195579, 0.042632672460498622]
[461, 0.04319873067785613, 0.04289705777796219]
[462, 0.043600624355231703, 0.041317119292025146]
[463, 0.042812997546699316, 0.043498924384362973]
[464, 0.042897542600731531, 0.043083095877495751]
[465, 0.042948312356047721, 0.042463928818844747]
[466, 0.042824608859621159, 0.043549012029758104]
[467, 0.043103426435412248, 0.043378074479344796]
[468, 0.042971321528367509, 0.042995730692365057]
[469, 0.042824960923161869, 0.041919489052509619]
[470, 0.042196817543266492, 0.043447866646736798]
[471, 0.042819527267945134, 0.041782932986111805]
[472, 0.042311070538087893, 0.043468090731260421]
[473, 0.042396684825465672, 0.041982815153874004]
[474, 0.042621706181556952, 0.041520545501094262]
[475, 0.042734496776645078, 0.042306675184568626]
[476, 0.042262654463617877, 0.041747611899924139]
[477, 0.042979250323068999, 0.041515604142662713]
[478, 0.042163552320302201, 0.041153118479514951]
[479, 0.042302461791839281, 0.04219214685615949]
[480, 0.042471897575509954, 0.040904556660563848]
[481, 0.042910587937048543, 0.04351724847520573]
[482, 0.042138971028239595, 0.043058151710919819]
[483, 0.042344454249720269, 0.041047240718146416]
[484, 0.04213404827269504, 0.042971163805520983]
[485, 0.042375442240112998, 0.041505276981116487]
[486, 0.04244832049505589, 0.042528685857330176]
[487, 0.041991491528816656, 0.041811735288745495]
[488, 0.042011605788154167, 0.041136474841421217]
[489, 0.041790615207623991, 0.041638708051937576]
[490, 0.041607721811008962, 0.041608688408248148]
[491, 0.041930320553830468, 0.040775343335196619]
[492, 0.041904210156275296, 0.041584665433632824]
[493, 0.042255040228201687, 0.041845666766855465]
[494, 0.041873273305767386, 0.040620416335311223]
[495, 0.041399490959662943, 0.041418862101988335]
[496, 0.041784529291431782, 0.041382301520041125]
[497, 0.041731408177198691, 0.041197357261657026]
[498, 0.0412964067449752, 0.042516604207816271]
[499, 0.041699660422702949, 0.041339669921042856]
