[19, 1, 0.64991444793640396]
[19, 2, 0.63126181819645055]
[19, 3, 0.65333675495248256]
[19, 4, 0.5948430812538118]
[19, 5, 0.58647957255811645]
[19, 6, 0.57085169859921758]
[19, 7, 0.56522190848785725]
[19, 8, 0.5646839129184904]
[19, 9, 0.56467625788507847]
[19, 10, 0.56044675886218542]
[19, 11, 0.55835982629371972]
[19, 12, 0.54224776915130202]
[19, 13, 0.55493208343758182]
[19, 14, 0.53470923584396135]
[19, 15, 0.54188484584982066]
[19, 16, 0.52974114786349191]
[19, 17, 0.53795126625201628]
[19, 18, 0.52274198517418446]
[19, 19, 0.52022512501999241]
[19, 20, 0.52746925413902135]
[19, 21, 0.51561028893811611]
[19, 22, 0.51701145683115024]
[19, 23, 0.52163330956357179]
[19, 24, 0.51655079108537505]
[19, 25, 0.50745077681755346]
[19, 26, 0.51578461584373003]
[19, 27, 0.5034614801900501]
[19, 28, 0.49548759414650612]
[19, 29, 0.49365688564382088]
[19, 30, 0.50144041019524332]
[19, 31, 0.49342844564750826]
[19, 32, 0.49336895218567633]
[19, 33, 0.49050534731681583]
[19, 34, 0.47854668135093881]
[19, 35, 0.47960644629862798]
[19, 36, 0.48294736072224909]
[19, 37, 0.48543432741613862]
[19, 38, 0.47146392080201782]
[19, 39, 0.47834644209423072]
[19, 40, 0.48085720420225908]
[19, 41, 0.47917062519716358]
[19, 42, 0.46726038233871348]
[19, 43, 0.47079058622268677]
[19, 44, 0.46660780571850075]
[19, 45, 0.47102659887482312]
[19, 46, 0.46880598459442052]
[19, 47, 0.45972166927811742]
[19, 48, 0.45521393301013902]
[19, 49, 0.45116209326453643]
[19, 50, 0.45749947664136237]
[20, 1, 0.47046682883791696]
[20, 2, 0.47263051706704845]
[20, 3, 0.45236144202639578]
[20, 4, 0.45835029378656506]
[20, 5, 0.44750738807341933]
[20, 6, 0.44149069522313167]
[20, 7, 0.43993771516279018]
[20, 8, 0.43243092190052601]
[20, 9, 0.43735213756181096]
[20, 10, 0.42403979318369006]
[20, 11, 0.42833036646660555]
[20, 12, 0.42239947862157651]
[20, 13, 0.42423920745617649]
[20, 14, 0.41806415894162324]
[20, 15, 0.41058206423531657]
[20, 16, 0.40885565254030637]
[20, 17, 0.41192726440438049]
[20, 18, 0.40211052476840942]
[20, 19, 0.39976494605589497]
[20, 20, 0.39510689096631602]
[20, 21, 0.3891760323303694]
[20, 22, 0.3855916269100137]
[20, 23, 0.38332915861646844]
[20, 24, 0.37464888236972632]
[20, 25, 0.36022368162660118]
[20, 26, 0.3714613386673149]
[20, 27, 0.36641291064963383]
[20, 28, 0.35748651333970738]
[20, 29, 0.34748899310927972]
[20, 30, 0.33825066956394734]
[20, 31, 0.35083289147074259]
[20, 32, 0.34447948911383536]
[20, 33, 0.32852018848673531]
[20, 34, 0.34268425771248867]
[20, 35, 0.32348117012768324]
[20, 36, 0.31930338657917778]
[20, 37, 0.33097285152281147]
[20, 38, 0.3235513693296051]
[20, 39, 0.31738711846749257]
[20, 40, 0.31345016758283262]
[20, 41, 0.30786247897986185]
[20, 42, 0.31246588713537377]
[20, 43, 0.3046750805526553]
[20, 44, 0.30205063640464863]
[20, 45, 0.29487415712255344]
[20, 46, 0.2970540007823595]
[20, 47, 0.29293344697887441]
[20, 48, 0.27953220686055053]
[20, 49, 0.27842459604406994]
[20, 50, 0.27787655343429346]
[21, 1, 0.26388023565729674]
[21, 2, 0.2702664963607419]
[21, 3, 0.25135524072957499]
[21, 4, 0.25486557868005144]
[21, 5, 0.25278958817633496]
[21, 6, 0.25592274831213691]
[21, 7, 0.23860854358423797]
[21, 8, 0.24051941360449711]
[21, 9, 0.23737254961856094]
[21, 10, 0.22142384195527839]
[21, 11, 0.21768571610014106]
[21, 12, 0.22530660750552547]
[21, 13, 0.22551726008594222]
[21, 14, 0.2275916760002068]
[21, 15, 0.20977148384297517]
[21, 16, 0.21948955831481134]
[21, 17, 0.21729331513003639]
[21, 18, 0.21226574690465058]
[21, 19, 0.21117592058873982]
[21, 20, 0.21755319617772576]
[21, 21, 0.21219201153166214]
[21, 22, 0.20987253089010058]
[21, 23, 0.21469699646063345]
[21, 24, 0.20433298618689133]
[21, 25, 0.21015007363517005]
[21, 26, 0.20871095520256988]
[21, 27, 0.20620976229342725]
[21, 28, 0.20891668753899148]
[21, 29, 0.21357988671401315]
[21, 30, 0.20439294880873846]
[21, 31, 0.1982456208147261]
[21, 32, 0.20701489315517332]
[21, 33, 0.20783450413818957]
[21, 34, 0.19414947408170757]
[21, 35, 0.19610873629660908]
[21, 36, 0.20151370636456592]
[21, 37, 0.20051828975781907]
[21, 38, 0.19021754784623171]
[21, 39, 0.19008561796681833]
[21, 40, 0.19069918094826366]
[21, 41, 0.1902359476537834]
[21, 42, 0.1884459790836979]
[21, 43, 0.19817925666901434]
[21, 44, 0.18533532677320894]
[21, 45, 0.18554734782144597]
[21, 46, 0.18692231365709611]
[21, 47, 0.18898511603751478]
[21, 48, 0.18909200967462589]
[21, 49, 0.18160285598507434]
[21, 50, 0.18774269698062548]
[22, 1, 0.18437074915259466]
[22, 2, 0.18432130725904469]
[22, 3, 0.16812185178014491]
[22, 4, 0.16931690536206812]
[22, 5, 0.17409810623910035]
[22, 6, 0.16842585688833933]
[22, 7, 0.16663849972437739]
[22, 8, 0.1641007474085476]
[22, 9, 0.1567246456969742]
[22, 10, 0.15715708153587576]
[22, 11, 0.15718223219515545]
[22, 12, 0.16127690366450942]
[22, 13, 0.15962972933341513]
[22, 14, 0.1555041144630698]
[22, 15, 0.15620871294824462]
[22, 16, 0.14624695814095964]
[22, 17, 0.15501792185971427]
[22, 18, 0.15771348281855965]
[22, 19, 0.15425716430480671]
[22, 20, 0.14687469753567559]
[22, 21, 0.14964628960301488]
[22, 22, 0.14834050760008555]
[22, 23, 0.16168358722639931]
[22, 24, 0.14832187130898553]
[22, 25, 0.15594839984319173]
[22, 26, 0.144365266524944]
[22, 27, 0.14297628607229221]
[22, 28, 0.14337939102255245]
[22, 29, 0.14558330099746863]
[22, 30, 0.14491028661414865]
[22, 31, 0.14068224940179047]
[22, 32, 0.14326657108920196]
[22, 33, 0.13440982071854832]
[22, 34, 0.14705617698759235]
[22, 35, 0.13842212793714212]
[22, 36, 0.13448425351855628]
[22, 37, 0.13762649158157822]
[22, 38, 0.13806276893662858]
[22, 39, 0.13698712376671851]
[22, 40, 0.13972831001036706]
[22, 41, 0.13946414160019194]
[22, 42, 0.13660854506631434]
[22, 43, 0.13634572676123755]
[22, 44, 0.13638372544989472]
[22, 45, 0.13504464858317669]
[22, 46, 0.14191802755682942]
[22, 47, 0.13218290069994545]
[22, 48, 0.13161913578208223]
[22, 49, 0.13328528708161411]
[22, 50, 0.13571290251520779]
[23, 1, 0.12533269444472844]
[23, 2, 0.12114831215431721]
[23, 3, 0.11641648646264098]
[23, 4, 0.11660553324370584]
[23, 5, 0.11250575037404746]
[23, 6, 0.11357122165468206]
[23, 7, 0.11076129042995139]
[23, 8, 0.10930471338738715]
[23, 9, 0.10807491915659428]
[23, 10, 0.11167611149597358]
[23, 11, 0.11089137994139045]
[23, 12, 0.1067643465930663]
[23, 13, 0.10842738871751052]
[23, 14, 0.10518217608606421]
[23, 15, 0.10537623390665615]
[23, 16, 0.10748118256246413]
[23, 17, 0.11127734158901827]
[23, 18, 0.10326192737094028]
[23, 19, 0.10105989766690238]
[23, 20, 0.1027843836068858]
[23, 21, 0.1040422394082902]
[23, 22, 0.10260868966838398]
[23, 23, 0.10148509260488704]
[23, 24, 0.10279939770725564]
[23, 25, 0.10001631030611831]
[23, 26, 0.099499451709537959]
[23, 27, 0.099135667036273981]
[23, 28, 0.099211517955060349]
[23, 29, 0.098400874167965655]
[23, 30, 0.096663612921661826]
[23, 31, 0.10155552104848617]
[23, 32, 0.10132510675490458]
[23, 33, 0.099940230224522877]
[23, 34, 0.098681844271151745]
[23, 35, 0.096764800673745377]
[23, 36, 0.099161685764841453]
[23, 37, 0.098744432197006363]
[23, 38, 0.1046114065451573]
[23, 39, 0.093601413549154827]
[23, 40, 0.10274917184296548]
[23, 41, 0.09624475836250912]
[23, 42, 0.096366711838999322]
[23, 43, 0.094549195003264266]
[23, 44, 0.094842440140812417]
[23, 45, 0.098324186337643685]
[23, 46, 0.094986272606128269]
[23, 47, 0.095599755987966453]
[23, 48, 0.097091679175237963]
[23, 49, 0.09274136037378701]
[23, 50, 0.093799754393281212]
[24, 1, 0.10397244541074746]
[24, 2, 0.098467954712977049]
[24, 3, 0.1047512336222769]
[24, 4, 0.10172408647433302]
[24, 5, 0.10012339548137379]
[24, 6, 0.09808798550911435]
[24, 7, 0.09490233022764101]
[24, 8, 0.097602110883686713]
[24, 9, 0.097954580269699207]
[24, 10, 0.094438717639002648]
[24, 11, 0.10098783482562558]
[24, 12, 0.094657819429191048]
[24, 13, 0.097157565511685987]
[24, 14, 0.094868390051814466]
[24, 15, 0.09888639754120146]
[24, 16, 0.095024900988563948]
[24, 17, 0.094857552954291255]
[24, 18, 0.098448421219052756]
[24, 19, 0.09981557218642971]
[24, 20, 0.096000166937572087]
[24, 21, 0.093868140143879994]
[24, 22, 0.091941392150635765]
[24, 23, 0.09067996412546056]
[24, 24, 0.094841723226842936]
[24, 25, 0.094555023786473208]
[24, 26, 0.097004661047716129]
[24, 27, 0.09100654656344577]
[24, 28, 0.093465626722413084]
[24, 29, 0.093413078221913803]
[24, 30, 0.090835731617112586]
[24, 31, 0.093370717146556328]
[24, 32, 0.089552111412410693]
[24, 33, 0.089876242034001824]
[24, 34, 0.089738857681292417]
[24, 35, 0.090264140372653928]
[24, 36, 0.092658237043926395]
[24, 37, 0.091284985211726274]
[24, 38, 0.090561131369265496]
[24, 39, 0.087847344693329069]
[24, 40, 0.093994876989712761]
[24, 41, 0.086942271445489314]
[24, 42, 0.087057666559213542]
[24, 43, 0.086773323777816172]
[24, 44, 0.084593300387804438]
[24, 45, 0.091271382958509631]
[24, 46, 0.088202859070857884]
[24, 47, 0.090594209982252011]
[24, 48, 0.090762296765297096]
[24, 49, 0.088161272021445955]
[24, 50, 0.093961363896805233]
[25, 1, 0.088708221672853457]
[25, 2, 0.086814114263957118]
[25, 3, 0.084806539536250877]
[25, 4, 0.084503109534283111]
[25, 5, 0.084280161425901931]
[25, 6, 0.081594045125514283]
[25, 7, 0.086111701082058484]
[25, 8, 0.085158351914876293]
[25, 9, 0.07818111009798849]
[25, 10, 0.09120978862263851]
[25, 11, 0.081844102064170809]
[25, 12, 0.077082832604109155]
[25, 13, 0.089478205219964899]
[25, 14, 0.085285068881493328]
[25, 15, 0.082064314654596668]
[25, 16, 0.079255704956582892]
[25, 17, 0.080815954398293657]
[25, 18, 0.079817046845536796]
[25, 19, 0.082319287414769141]
[25, 20, 0.07719553453472798]
[25, 21, 0.080972192263632392]
[25, 22, 0.079417076970094105]
[25, 23, 0.078136177503887155]
[25, 24, 0.072927389092854913]
[25, 25, 0.080668821836095153]
[25, 26, 0.07953567553428699]
[25, 27, 0.077048720337566934]
[25, 28, 0.077030147074885605]
[25, 29, 0.079663988329749816]
[25, 30, 0.079581196959844558]
[25, 31, 0.072393634238453394]
[25, 32, 0.079446947444698171]
[25, 33, 0.077092251289657049]
[25, 34, 0.077643184263362128]
[25, 35, 0.076912641652729846]
[25, 36, 0.074455471827078651]
[25, 37, 0.074219659141519054]
[25, 38, 0.074481243020230181]
[25, 39, 0.074789878333237067]
[25, 40, 0.076951576914233016]
[25, 41, 0.074087340215988742]
[25, 42, 0.077165864647432095]
[25, 43, 0.074807737399794808]
[25, 44, 0.075342781930282196]
[25, 45, 0.077051529459325141]
[25, 46, 0.073066255732300106]
[25, 47, 0.068988441388393232]
[25, 48, 0.074489063103851019]
[25, 49, 0.073447847755954074]
[25, 50, 0.075907091270131191]
[26, 1, 0.073022241991615999]
[26, 2, 0.076003079838313253]
[26, 3, 0.074444344707382759]
[26, 4, 0.073115864189398749]
[26, 5, 0.075483457127938039]
[26, 6, 0.072366812848518453]
[26, 7, 0.071793648959319778]
[26, 8, 0.070770308682241545]
[26, 9, 0.069612984837107289]
[26, 10, 0.071485314171012587]
[26, 11, 0.074358220710673856]
[26, 12, 0.07247699900638753]
[26, 13, 0.070324783950443087]
[26, 14, 0.069064311733941272]
[26, 15, 0.072576967447985558]
[26, 16, 0.071144547145530729]
[26, 17, 0.070560587808180406]
[26, 18, 0.069687884574958114]
[26, 19, 0.068859665087106572]
[26, 20, 0.069764803348461218]
[26, 21, 0.06704729601389825]
[26, 22, 0.067230961595045075]
[26, 23, 0.070972499311104914]
[26, 24, 0.065743002411690732]
[26, 25, 0.067784140286847219]
[26, 26, 0.068905380859519888]
[26, 27, 0.068348009009929198]
[26, 28, 0.067390207884896802]
[26, 29, 0.068863246080450607]
[26, 30, 0.068977314841001711]
[26, 31, 0.069022589143347066]
[26, 32, 0.065041272390197538]
[26, 33, 0.067510055568001798]
[26, 34, 0.068812168415402497]
[26, 35, 0.066071942400175471]
[26, 36, 0.065207832146333272]
[26, 37, 0.069094323865209958]
[26, 38, 0.064660768912847333]
[26, 39, 0.066036177747632999]
[26, 40, 0.066915166807765353]
[26, 41, 0.066868378516300925]
[26, 42, 0.066613175116649215]
[26, 43, 0.064013083837035717]
[26, 44, 0.064116701412798016]
[26, 45, 0.066113097760406983]
[26, 46, 0.065383930742376403]
[26, 47, 0.06733869355118012]
[26, 48, 0.064064093868414301]
[26, 49, 0.064605887671807222]
[26, 50, 0.06774514542427762]
[27, 1, 0.075457055728493566]
[27, 2, 0.069733481050032617]
[27, 3, 0.07278708893597774]
[27, 4, 0.07310085296869534]
[27, 5, 0.072418054884125255]
[27, 6, 0.069517694708632602]
[27, 7, 0.072248054024575986]
[27, 8, 0.067508157177913086]
[27, 9, 0.072105361136509227]
[27, 10, 0.070992848714371087]
[27, 11, 0.069609989836161873]
[27, 12, 0.06771121329069113]
[27, 13, 0.071280559575169988]
[27, 14, 0.070161404825484497]
[27, 15, 0.069836755443143439]
[27, 16, 0.067768992571287767]
[27, 17, 0.072355681831942326]
[27, 18, 0.071298950688226476]
[27, 19, 0.065477441440622355]
[27, 20, 0.065320677504643987]
[27, 21, 0.067740973351763462]
[27, 22, 0.066048638297667356]
[27, 23, 0.068171799324973609]
[27, 24, 0.067127117970030403]
[27, 25, 0.070064256120040094]
[27, 26, 0.067394253359046627]
[27, 27, 0.067162430470496942]
[27, 28, 0.066715936515747254]
[27, 29, 0.067814378796715771]
[27, 30, 0.067865043489902965]
[27, 31, 0.066763025552060762]
[27, 32, 0.066210438136786037]
[27, 33, 0.066646466749283886]
[27, 34, 0.065047311635875141]
[27, 35, 0.065787155284555796]
[27, 36, 0.062864752823161757]
[27, 37, 0.066923480096574409]
[27, 38, 0.065665872469375081]
[27, 39, 0.062535224303685855]
[27, 40, 0.066820671175268659]
[27, 41, 0.062860814926108802]
[27, 42, 0.060902054353805815]
[27, 43, 0.066496632671178335]
[27, 44, 0.064290879539782103]
[27, 45, 0.0641328839644872]
[27, 46, 0.065250721872093728]
[27, 47, 0.064109288182492341]
[27, 48, 0.063135619023794637]
[27, 49, 0.063280677874707009]
[27, 50, 0.061087809293739651]
[28, 1, 0.065134150975845601]
[28, 2, 0.069587304808604714]
[28, 3, 0.070757397189710108]
[28, 4, 0.063905669311970226]
[28, 5, 0.068790046404123451]
[28, 6, 0.066197168015871929]
[28, 7, 0.065289888688114694]
[28, 8, 0.068566357535525188]
[28, 9, 0.068562304915472064]
[28, 10, 0.062419355360249201]
[28, 11, 0.063671131308575143]
[28, 12, 0.063333406240091358]
[28, 13, 0.063732827338359221]
[28, 14, 0.064164348455495138]
[28, 15, 0.064629772549289616]
[28, 16, 0.063180607124325799]
[28, 17, 0.062262659267154158]
[28, 18, 0.060248668556601229]
[28, 19, 0.059868793277793861]
[28, 20, 0.063960553593630579]
[28, 21, 0.0639952078367097]
[28, 22, 0.063021086384294406]
[28, 23, 0.057617595312317166]
[28, 24, 0.063685330067951018]
[28, 25, 0.061019625720841714]
[28, 26, 0.060751587935913287]
[28, 27, 0.059273330365762635]
[28, 28, 0.063286659134364043]
[28, 29, 0.064125743982015676]
[28, 30, 0.060413659497824831]
[28, 31, 0.062546532147771908]
[28, 32, 0.061664330770064779]
[28, 33, 0.063255715301252319]
[28, 34, 0.062179805385810513]
[28, 35, 0.061898470578785648]
[28, 36, 0.055497201084123593]
[28, 37, 0.062738983588498387]
[28, 38, 0.060785231687166541]
[28, 39, 0.0594333382655019]
[28, 40, 0.061190128991507872]
[28, 41, 0.061169028208994052]
[28, 42, 0.057396277734910746]
[28, 43, 0.060445169066067964]
[28, 44, 0.057690779645711586]
[28, 45, 0.058657592509493636]
[28, 46, 0.059826502054037028]
[28, 47, 0.059049994492571298]
[28, 48, 0.058520545339684871]
[28, 49, 0.059412759221491154]
[28, 50, 0.059400297393818108]
[29, 1, 0.06688956795459719]
[29, 2, 0.066174600112051937]
[29, 3, 0.062773651397233482]
[29, 4, 0.061192803542556296]
[29, 5, 0.064005185123443414]
[29, 6, 0.062257907680884302]
[29, 7, 0.06096574875416344]
[29, 8, 0.064319368247405737]
[29, 9, 0.062277414962680938]
[29, 10, 0.059726326743110444]
[29, 11, 0.060089282157582607]
[29, 12, 0.065078558535647049]
[29, 13, 0.064700660364069962]
[29, 14, 0.063660267438106821]
[29, 15, 0.061520318673990028]
[29, 16, 0.059374330433972305]
[29, 17, 0.060898149719964427]
[29, 18, 0.059522138436658684]
[29, 19, 0.060529772896384809]
[29, 20, 0.062805654923577842]
[29, 21, 0.068019110700928587]
[29, 22, 0.062894653789529714]
[29, 23, 0.059066122992298263]
[29, 24, 0.062104141392177105]
[29, 25, 0.059851248791127437]
[29, 26, 0.059081816750304057]
[29, 27, 0.062255412448961475]
[29, 28, 0.0621323375809128]
[29, 29, 0.062755313634229926]
[29, 30, 0.05964614136518942]
[29, 31, 0.06124693111375018]
[29, 32, 0.063484848356930051]
[29, 33, 0.057859093446996968]
[29, 34, 0.060080296860141241]
[29, 35, 0.057154221303677769]
[29, 36, 0.060058833148319557]
[29, 37, 0.055023622773504872]
[29, 38, 0.056769694687462319]
[29, 39, 0.063739896986588107]
[29, 40, 0.060899844584595984]
[29, 41, 0.058499822088750417]
[29, 42, 0.061819226006144576]
[29, 43, 0.061359293967938905]
[29, 44, 0.061252752831860699]
[29, 45, 0.061321853656130111]
[29, 46, 0.062770468426995588]
[29, 47, 0.057866262211306821]
[29, 48, 0.053888771761576137]
[29, 49, 0.061057978677801404]
[29, 50, 0.057827745723126364]
[30, 1, 0.063376994083377519]
[30, 2, 0.062740696402587628]
[30, 3, 0.06261846049154017]
[30, 4, 0.064012073293039692]
[30, 5, 0.063854344220814943]
[30, 6, 0.05979787300050951]
[30, 7, 0.058912413854821537]
[30, 8, 0.060554618035349561]
[30, 9, 0.062686296406536723]
[30, 10, 0.061823475185152535]
[30, 11, 0.060572050292722612]
[30, 12, 0.06052511008306078]
[30, 13, 0.058856026868229785]
[30, 14, 0.062106710291157746]
[30, 15, 0.058548210809828541]
[30, 16, 0.062386047245290226]
[30, 17, 0.058173822111546064]
[30, 18, 0.058838464938721038]
[30, 19, 0.058048633751497408]
[30, 20, 0.057193560198181705]
[30, 21, 0.059240453912001917]
[30, 22, 0.059246168324151527]
[30, 23, 0.056807499982797806]
[30, 24, 0.058064913462671314]
[30, 25, 0.058496514877007993]
[30, 26, 0.05827746301377891]
[30, 27, 0.060256424521352728]
[30, 28, 0.059385329204410434]
[30, 29, 0.059827163746132311]
[30, 30, 0.058027604779848224]
[30, 31, 0.056250202760222717]
[30, 32, 0.055788806203337829]
[30, 33, 0.057260290523353477]
[30, 34, 0.054721831982006447]
[30, 35, 0.055233623028569268]
[30, 36, 0.056089247897794285]
[30, 37, 0.0589544003886718]
[30, 38, 0.058806862027153128]
[30, 39, 0.058707282701331583]
[30, 40, 0.056677981825777025]
[30, 41, 0.057055854216861865]
[30, 42, 0.057198185988120799]
[30, 43, 0.058796697424130219]
[30, 44, 0.055310346593998666]
[30, 45, 0.055547879762185635]
[30, 46, 0.055506369545290896]
[30, 47, 0.054620957409636448]
[30, 48, 0.055035876639943776]
[30, 49, 0.058272323400421815]
[30, 50, 0.056808578118808635]
[31, 1, 0.060392681739839964]
[31, 2, 0.060100596464335486]
[31, 3, 0.062539387898090104]
[31, 4, 0.058811657008963306]
[31, 5, 0.05802836853631705]
[31, 6, 0.056898997101481656]
[31, 7, 0.05986919479044913]
[31, 8, 0.056680752619225845]
[31, 9, 0.057574624262152922]
[31, 10, 0.058963380716345437]
[31, 11, 0.058866784793545707]
[31, 12, 0.059768759636343365]
[31, 13, 0.055492885713753062]
[31, 14, 0.057516643008423803]
[31, 15, 0.056182638849959506]
[31, 16, 0.056664904203591319]
[31, 17, 0.058320844858505909]
[31, 18, 0.056822399021485198]
[31, 19, 0.05624273069918706]
[31, 20, 0.057596921475741678]
[31, 21, 0.058017194826402108]
[31, 22, 0.055397300349650708]
[31, 23, 0.055291283239577577]
[31, 24, 0.057809678320824814]
[31, 25, 0.053068521133038705]
[31, 26, 0.056141678886790461]
[31, 27, 0.05504919424369098]
[31, 28, 0.055199678448204254]
[31, 29, 0.054370051248033971]
[31, 30, 0.05666910966043865]
[31, 31, 0.052724001403408063]
[31, 32, 0.055102340566552464]
[31, 33, 0.053454773477346479]
[31, 34, 0.053755786324150991]
[31, 35, 0.055463827646456063]
[31, 36, 0.05381477717193809]
[31, 37, 0.056605729295380845]
[31, 38, 0.05390453027612982]
[31, 39, 0.054854401931613506]
[31, 40, 0.056631438431607152]
[31, 41, 0.054339769736763792]
[31, 42, 0.05479477623397367]
[31, 43, 0.053932291650992122]
[31, 44, 0.05630755470618945]
[31, 45, 0.055627557838030195]
[31, 46, 0.052823585672044746]
[31, 47, 0.055764963747514086]
[31, 48, 0.054294581961650192]
[31, 49, 0.056347265226402952]
[31, 50, 0.053956041271083395]
[32, 1, 0.066661819226121286]
[32, 2, 0.065509381971761219]
[32, 3, 0.065752021426190077]
[32, 4, 0.066215426195849622]
[32, 5, 0.064143557545059127]
[32, 6, 0.065033217435828627]
[32, 7, 0.062235264132404829]
[32, 8, 0.063132412343044605]
[32, 9, 0.063772494996989365]
[32, 10, 0.065217622008690329]
[32, 11, 0.062474615807325523]
[32, 12, 0.062471104934481256]
[32, 13, 0.064153776240211]
[32, 14, 0.06319059943507857]
[32, 15, 0.064995901341955736]
[32, 16, 0.064952218473637566]
[32, 17, 0.061639270178311466]
[32, 18, 0.061345337973078395]
[32, 19, 0.064349201754682173]
[32, 20, 0.064058972890086149]
[32, 21, 0.063995319373294529]
[32, 22, 0.060846443047607161]
[32, 23, 0.060830366096067782]
[32, 24, 0.06154418153855238]
[32, 25, 0.063603614884412948]
[32, 26, 0.062456336566149052]
[32, 27, 0.061678853848453605]
[32, 28, 0.060931335585674012]
[32, 29, 0.063353157164586643]
[32, 30, 0.061281066481420954]
[32, 31, 0.062217881699109343]
[32, 32, 0.062336637009733638]
[32, 33, 0.06048547998031225]
[32, 34, 0.061260502927728826]
[32, 35, 0.061065713867347521]
[32, 36, 0.062041397944334976]
[32, 37, 0.060241337040077551]
[32, 38, 0.060784087226990705]
[32, 39, 0.062282252934973914]
[32, 40, 0.062461319358670685]
[32, 41, 0.060134929407886992]
[32, 42, 0.062062021149853409]
[32, 43, 0.063584685895156118]
[32, 44, 0.061766945749371506]
[32, 45, 0.061412219291772173]
[32, 46, 0.061957654920876543]
[32, 47, 0.064553419857551073]
[32, 48, 0.060158787753259078]
[32, 49, 0.061803771795324799]
[32, 50, 0.061031679468700112]
[33, 1, 0.063209858242519054]
[33, 2, 0.061220584719015946]
[33, 3, 0.060382128480145361]
[33, 4, 0.060649704233554223]
[33, 5, 0.059562818381669561]
[33, 6, 0.060029823102758839]
[33, 7, 0.059634189239953762]
[33, 8, 0.059118126836908959]
[33, 9, 0.060200788575011058]
[33, 10, 0.059007122181697735]
[33, 11, 0.057854845742570993]
[33, 12, 0.057657689838036777]
[33, 13, 0.058706721438492052]
[33, 14, 0.056884297436629469]
[33, 15, 0.058558845993589181]
[33, 16, 0.060519566686429813]
[33, 17, 0.057909327497319786]
[33, 18, 0.056444602856631367]
[33, 19, 0.060449199526643314]
[33, 20, 0.060623845928033729]
[33, 21, 0.06009477008310251]
[33, 22, 0.057953215049525976]
[33, 23, 0.058015919909764534]
[33, 24, 0.056561687300624296]
[33, 25, 0.05704465205296929]
[33, 26, 0.058337221186899504]
[33, 27, 0.057570213884225875]
[33, 28, 0.056541182914223595]
[33, 29, 0.057374526627648026]
[33, 30, 0.057223641142051841]
[33, 31, 0.057150725659362425]
[33, 32, 0.055926528927986864]
[33, 33, 0.058370058563072411]
[33, 34, 0.055761119293579076]
[33, 35, 0.056609227417026786]
[33, 36, 0.055234185266103554]
[33, 37, 0.059867004730778918]
[33, 38, 0.055699804726392008]
[33, 39, 0.054861713951819345]
[33, 40, 0.056311388880959289]
[33, 41, 0.060650464849350882]
[33, 42, 0.05797366829066538]
[33, 43, 0.054940135368789812]
[33, 44, 0.05718209892443419]
[33, 45, 0.05544106841028773]
[33, 46, 0.057668495919718434]
[33, 47, 0.058769093992960854]
[33, 48, 0.05752996340414758]
[33, 49, 0.05517971031997583]
[33, 50, 0.056042618350973641]
[34, 1, 0.063326495038446728]
[34, 2, 0.062514256342517241]
[34, 3, 0.061278310952966028]
[34, 4, 0.058991633953106325]
[34, 5, 0.058351013745156263]
[34, 6, 0.059241198075171267]
[34, 7, 0.060582411910278577]
[34, 8, 0.058641808461809594]
[34, 9, 0.056589802174090265]
[34, 10, 0.061561331862638194]
[34, 11, 0.06007714473085405]
[34, 12, 0.059092907015267072]
[34, 13, 0.058446202735470666]
[34, 14, 0.059701988406527365]
[34, 15, 0.059396124139162745]
[34, 16, 0.057912162798813969]
[34, 17, 0.058148198513089111]
[34, 18, 0.059306236102137554]
[34, 19, 0.05799716162130196]
[34, 20, 0.056963346680730179]
[34, 21, 0.057052674853008287]
[34, 22, 0.059786930176811179]
[34, 23, 0.057982152959751329]
[34, 24, 0.058164468120802074]
[34, 25, 0.05696636275164034]
[34, 26, 0.05658199795832948]
[34, 27, 0.060541742141341302]
[34, 28, 0.059026204122366831]
[34, 29, 0.058098939913972428]
[34, 30, 0.056972578023088492]
[34, 31, 0.057613908433693517]
[34, 32, 0.055737123768825149]
[34, 33, 0.058269731743747021]
[34, 34, 0.058965965997021183]
[34, 35, 0.056290079190731278]
[34, 36, 0.055772506275189503]
[34, 37, 0.054822414964572699]
[34, 38, 0.058455204617063369]
[34, 39, 0.056692940723449735]
[34, 40, 0.057998843869258285]
[34, 41, 0.057605544762754521]
[34, 42, 0.057723867990114218]
[34, 43, 0.056399764514632508]
[34, 44, 0.057696729121514932]
[34, 45, 0.056595887346653995]
[34, 46, 0.054373534931919099]
[34, 47, 0.058089196120864793]
[34, 48, 0.054492284594174288]
[34, 49, 0.056378297318346246]
[34, 50, 0.055179155084494093]
[35, 1, 0.063777718823714122]
[35, 2, 0.061666738348745351]
[35, 3, 0.06088904847742127]
[35, 4, 0.062905427894473703]
[35, 5, 0.059822420901371118]
[35, 6, 0.059785925674076791]
[35, 7, 0.059703497909143644]
[35, 8, 0.057659132812144777]
[35, 9, 0.059954742385656644]
[35, 10, 0.059935608159471541]
[35, 11, 0.0611202513965605]
[35, 12, 0.061320244050063775]
[35, 13, 0.060739501303741394]
[35, 14, 0.058971569799929943]
[35, 15, 0.060890882577182046]
[35, 16, 0.058824014261278687]
[35, 17, 0.059511372660264447]
[35, 18, 0.058690377589426648]
[35, 19, 0.06062108206427369]
[35, 20, 0.05971603929304431]
[35, 21, 0.057940424821428207]
[35, 22, 0.061498524322727829]
[35, 23, 0.060571877604289656]
[35, 24, 0.059495217810322985]
[35, 25, 0.061199982402418932]
[35, 26, 0.060775781367718537]
[35, 27, 0.060181761442992109]
[35, 28, 0.057900144684876011]
[35, 29, 0.058209768278295118]
[35, 30, 0.059303944986757465]
[35, 31, 0.0590313394267842]
[35, 32, 0.060191877880633883]
[35, 33, 0.058181905883065752]
[35, 34, 0.05921077719628498]
[35, 35, 0.062284138201734354]
[35, 36, 0.058456094962210617]
[35, 37, 0.057796627538925158]
[35, 38, 0.059338113363347808]
[35, 39, 0.059697617097683883]
[35, 40, 0.057071664809016723]
[35, 41, 0.056763688099579192]
[35, 42, 0.057189008132077911]
[35, 43, 0.058634650369583971]
[35, 44, 0.057630771542504379]
[35, 45, 0.057323405383820983]
[35, 46, 0.058449834957848598]
[35, 47, 0.057804869999687994]
[35, 48, 0.055414360479563149]
[35, 49, 0.058315450775036026]
[35, 50, 0.056959382822715801]
[36, 1, 0.066291138142911529]
[36, 2, 0.062687916174472169]
[36, 3, 0.065810002010904506]
[36, 4, 0.066704596190400173]
[36, 5, 0.063529200499769331]
[36, 6, 0.060792284344351397]
[36, 7, 0.066004510821013357]
[36, 8, 0.060266452803940274]
[36, 9, 0.06662222801648128]
[36, 10, 0.064143109633978401]
[36, 11, 0.06189457420769251]
[36, 12, 0.063289298190561255]
[36, 13, 0.066760621322589697]
[36, 14, 0.064162434174035513]
[36, 15, 0.063262290882515532]
[36, 16, 0.058415964075531804]
[36, 17, 0.060743205043747625]
[36, 18, 0.060547387802777117]
[36, 19, 0.059658588163286487]
[36, 20, 0.064175984981152595]
[36, 21, 0.061620111146138953]
[36, 22, 0.060797264808804617]
[36, 23, 0.060361264459017558]
[36, 24, 0.063819934375616533]
[36, 25, 0.061362204670722474]
[36, 26, 0.059837238501237677]
[36, 27, 0.063101643529313467]
[36, 28, 0.06199021857982541]
[36, 29, 0.059828954654980136]
[36, 30, 0.062852543128841906]
[36, 31, 0.062960393723374655]
[36, 32, 0.059963926579896978]
[36, 33, 0.062133563213710406]
[36, 34, 0.061646945999826411]
[36, 35, 0.060855634568695617]
[36, 36, 0.061565626556422906]
[36, 37, 0.061564962435842994]
[36, 38, 0.060420199654468897]
[36, 39, 0.059814766303935139]
[36, 40, 0.060520706917659428]
[36, 41, 0.059880526729694281]
[36, 42, 0.057890165051034094]
[36, 43, 0.060376165180566897]
[36, 44, 0.05916993823191654]
[36, 45, 0.062278524325465545]
[36, 46, 0.059013801309177702]
[36, 47, 0.059910769362079917]
[36, 48, 0.061317353338826951]
[36, 49, 0.06179733431325081]
[36, 50, 0.059457812419109114]
[37, 1, 0.060872661740045637]
[37, 2, 0.060886151284672646]
[37, 3, 0.060553199374891717]
[37, 4, 0.05734810608121]
[37, 5, 0.058810708670589566]
[37, 6, 0.05866478161882014]
[37, 7, 0.055886794341616898]
[37, 8, 0.057813709133516265]
[37, 9, 0.054143638468712035]
[37, 10, 0.056573831372695518]
[37, 11, 0.057339596147170463]
[37, 12, 0.057226240983666667]
[37, 13, 0.057660320043949324]
[37, 14, 0.056554371252015484]
[37, 15, 0.056727408963741732]
[37, 16, 0.057395833386731487]
[37, 17, 0.056978634809048218]
[37, 18, 0.055293962706330607]
[37, 19, 0.057711931168100868]
[37, 20, 0.055190963492489843]
[37, 21, 0.056540668308059289]
[37, 22, 0.056266552963609426]
[37, 23, 0.056654165889254468]
[37, 24, 0.057167687220864176]
[37, 25, 0.05500357143495356]
[37, 26, 0.054695970417966082]
[37, 27, 0.055476814026674419]
[37, 28, 0.055324797865714294]
[37, 29, 0.056048574902996591]
[37, 30, 0.058946658375079203]
[37, 31, 0.056638899789461954]
[37, 32, 0.055697648533961412]
[37, 33, 0.056932368655954392]
[37, 34, 0.054595534639372285]
[37, 35, 0.057381314444817068]
[37, 36, 0.057543767488711615]
[37, 37, 0.0565350694520734]
[37, 38, 0.056283595214943014]
[37, 39, 0.054514733505453966]
[37, 40, 0.056813881459375007]
[37, 41, 0.055742529199142979]
[37, 42, 0.055425144667043756]
[37, 43, 0.054994141025543834]
[37, 44, 0.05548400473152168]
[37, 45, 0.056475406937516952]
[37, 46, 0.056832042392096625]
[37, 47, 0.053661409136025823]
[37, 48, 0.054432676819713401]
[37, 49, 0.056254017658744632]
[37, 50, 0.056708158735122]
[38, 1, 0.067668063077517382]
[38, 2, 0.062536970268668571]
[38, 3, 0.063225287444369532]
[38, 4, 0.061426285541384247]
[38, 5, 0.0613750971295264]
[38, 6, 0.057559377875613563]
[38, 7, 0.061718758221066698]
[38, 8, 0.058361896965643534]
[38, 9, 0.060217039624316508]
[38, 10, 0.057432841837477544]
[38, 11, 0.060768276789118829]
[38, 12, 0.057460884576229769]
[38, 13, 0.058347472301816666]
[38, 14, 0.054973898159981396]
[38, 15, 0.055771302845207975]
[38, 16, 0.056508040003988506]
[38, 17, 0.059023880078115584]
[38, 18, 0.057287127664832883]
[38, 19, 0.056725377694664569]
[38, 20, 0.057423949327715933]
[38, 21, 0.059110677678308729]
[38, 22, 0.05701295890115287]
[38, 23, 0.058097412403956723]
[38, 24, 0.059115580795136839]
[38, 25, 0.055095342568665884]
[38, 26, 0.057450790349901588]
[38, 27, 0.058308489342649296]
[38, 28, 0.056660925842945353]
[38, 29, 0.057200475435382599]
[38, 30, 0.057371878770541958]
[38, 31, 0.057801004322451721]
[38, 32, 0.055684479098963298]
[38, 33, 0.056600582547862162]
[38, 34, 0.059042849439282001]
[38, 35, 0.054823942612851444]
[38, 36, 0.058071534791109096]
[38, 37, 0.054426628480341514]
[38, 38, 0.057321249388799227]
[38, 39, 0.055295466965743806]
[38, 40, 0.057863703210314317]
[38, 41, 0.056292203297969336]
[38, 42, 0.057976047983229202]
[38, 43, 0.055421690995375618]
[38, 44, 0.057836067618965072]
[38, 45, 0.057024191518054296]
[38, 46, 0.057094338222324431]
[38, 47, 0.054674744643689974]
[38, 48, 0.055168516551507542]
[38, 49, 0.055484386314806899]
[38, 50, 0.054407118658174131]
[39, 1, 0.056730409120669172]
[39, 2, 0.056175146635909494]
[39, 3, 0.058117253694922884]
[39, 4, 0.055919804495711704]
[39, 5, 0.052967475432272537]
[39, 6, 0.055531195677892137]
[39, 7, 0.053209701442305121]
[39, 8, 0.052105500365060717]
[39, 9, 0.052021632580020842]
[39, 10, 0.054061774896153776]
[39, 11, 0.051846695444355211]
[39, 12, 0.053473297167149325]
[39, 13, 0.051777284246233186]
[39, 14, 0.053370465379585459]
[39, 15, 0.05275998131425632]
[39, 16, 0.052552395858926897]
[39, 17, 0.052556664382513253]
[39, 18, 0.052560893825033546]
[39, 19, 0.05183787626921376]
[39, 20, 0.052104988736711925]
[39, 21, 0.050193505485902741]
[39, 22, 0.053370422673679467]
[39, 23, 0.052892670567378113]
[39, 24, 0.050218017337077536]
[39, 25, 0.054343776097812865]
[39, 26, 0.051776113110980806]
[39, 27, 0.052473382550710997]
[39, 28, 0.051985059545295691]
[39, 29, 0.052149637094883496]
[39, 30, 0.051389193905587452]
[39, 31, 0.050945205472274546]
[39, 32, 0.05199274871694208]
[39, 33, 0.05309778207164248]
[39, 34, 0.050918157081678551]
[39, 35, 0.049748799140704118]
[39, 36, 0.050971898274037468]
[39, 37, 0.05156845641053967]
[39, 38, 0.052936381498166374]
[39, 39, 0.050801234643100067]
[39, 40, 0.051114775685810271]
[39, 41, 0.05461486479824653]
[39, 42, 0.050101394029020481]
[39, 43, 0.054341495733143348]
[39, 44, 0.051317501266947139]
[39, 45, 0.053542911172825128]
[39, 46, 0.052074471617192516]
[39, 47, 0.050736323266071408]
[39, 48, 0.052367080914055307]
[39, 49, 0.052088765169862626]
[39, 50, 0.049523810451336962]
[40, 1, 0.058172535674483494]
[40, 2, 0.05663174138638169]
[40, 3, 0.056144952062931325]
[40, 4, 0.055375150201423605]
[40, 5, 0.057254452869033884]
[40, 6, 0.056593780949547368]
[40, 7, 0.055715190769747146]
[40, 8, 0.054317262928420658]
[40, 9, 0.056956080492994665]
[40, 10, 0.056017405434194374]
[40, 11, 0.05544622032258243]
[40, 12, 0.055234449127013419]
[40, 13, 0.05497182330292525]
[40, 14, 0.054873236037171431]
[40, 15, 0.055146904366968195]
[40, 16, 0.053411355874547872]
[40, 17, 0.054881766716561121]
[40, 18, 0.055256012989624098]
[40, 19, 0.053589403220136174]
[40, 20, 0.054830295620603452]
[40, 21, 0.055329321138678222]
[40, 22, 0.053945950011514282]
[40, 23, 0.053157802103444757]
[40, 24, 0.054103623119765881]
[40, 25, 0.053288628084808609]
[40, 26, 0.055748484490841708]
[40, 27, 0.054000732273048101]
[40, 28, 0.056604487975565311]
[40, 29, 0.053427729983958172]
[40, 30, 0.054889200978690628]
[40, 31, 0.05395711782265894]
[40, 32, 0.054390137944867266]
[40, 33, 0.0520206663668355]
[40, 34, 0.054814453364937378]
[40, 35, 0.05351436691096343]
[40, 36, 0.054322787823150524]
[40, 37, 0.054926836771261561]
[40, 38, 0.052748032936638274]
[40, 39, 0.053670492365330752]
[40, 40, 0.05324428544575905]
[40, 41, 0.054766358611864276]
[40, 42, 0.051904991188452182]
[40, 43, 0.050910220858835564]
[40, 44, 0.055207113822617532]
[40, 45, 0.052880063503014912]
[40, 46, 0.053224815052855805]
[40, 47, 0.050789027131946711]
[40, 48, 0.051768060837141312]
[40, 49, 0.052618783719272755]
[40, 50, 0.053134301822409545]
[41, 1, 0.06045077377454338]
[41, 2, 0.059773708457671458]
[41, 3, 0.057309819383682625]
[41, 4, 0.055697120004441131]
[41, 5, 0.056701363260140795]
[41, 6, 0.05619673240210573]
[41, 7, 0.055686568784952629]
[41, 8, 0.055185867242007143]
[41, 9, 0.056713740607648382]
[41, 10, 0.055900325664591709]
[41, 11, 0.05622122563480178]
[41, 12, 0.055207454270049701]
[41, 13, 0.055806680917555335]
[41, 14, 0.055635502766732937]
[41, 15, 0.054942551259000987]
[41, 16, 0.054156679236089557]
[41, 17, 0.054033999424334712]
[41, 18, 0.053229285836736466]
[41, 19, 0.056311517324072365]
[41, 20, 0.055064332034515669]
[41, 21, 0.054516883538401138]
[41, 22, 0.05597603455141293]
[41, 23, 0.054828012115802814]
[41, 24, 0.055482196363804553]
[41, 25, 0.053570699664465378]
[41, 26, 0.05478024530941341]
[41, 27, 0.056975332710935779]
[41, 28, 0.054802978481014362]
[41, 29, 0.055545180590374492]
[41, 30, 0.055250610419315727]
[41, 31, 0.054832906319674281]
[41, 32, 0.055086977236556194]
[41, 33, 0.055258772380523728]
[41, 34, 0.053141555618259555]
[41, 35, 0.054072207420613187]
[41, 36, 0.054349000487351778]
[41, 37, 0.055015883806731343]
[41, 38, 0.053619045756916839]
[41, 39, 0.054328261650461181]
[41, 40, 0.054733461667466933]
[41, 41, 0.057978567867840419]
[41, 42, 0.054285099772269689]
[41, 43, 0.051617484352993459]
[41, 44, 0.05488496886013372]
[41, 45, 0.055698454151849042]
[41, 46, 0.054941666982352054]
[41, 47, 0.054373957359936054]
[41, 48, 0.052947554399191958]
[41, 49, 0.056650897798921622]
[41, 50, 0.054598126161976644]
[42, 1, 0.053445058917275086]
[42, 2, 0.050719344034511123]
[42, 3, 0.052484731773214145]
[42, 4, 0.050102089283622718]
[42, 5, 0.050273060354781074]
[42, 6, 0.049481267267552538]
[42, 7, 0.048796539332186729]
[42, 8, 0.048769248424902378]
[42, 9, 0.05009501062154615]
[42, 10, 0.04961569613441269]
[42, 11, 0.048253001822224056]
[42, 12, 0.049429733543366883]
[42, 13, 0.048374393726362187]
[42, 14, 0.050098626434224254]
[42, 15, 0.048256764410482551]
[42, 16, 0.050022660548425558]
[42, 17, 0.048024714342168782]
[42, 18, 0.048798340729604622]
[42, 19, 0.048328639224468374]
[42, 20, 0.047903743949469522]
[42, 21, 0.047869198738140772]
[42, 22, 0.049661906798624707]
[42, 23, 0.04824240750692204]
[42, 24, 0.04908159774397116]
[42, 25, 0.04853049160197332]
[42, 26, 0.048423852172828914]
[42, 27, 0.04854457306176669]
[42, 28, 0.049266956822347968]
[42, 29, 0.047627104486263526]
[42, 30, 0.045772268276556005]
[42, 31, 0.04790308163442436]
[42, 32, 0.047760383950291592]
[42, 33, 0.0462075675688026]
[42, 34, 0.046687918226697218]
[42, 35, 0.046237877379824939]
[42, 36, 0.046901264716363002]
[42, 37, 0.049390439549914018]
[42, 38, 0.047164479996321597]
[42, 39, 0.049394983314599704]
[42, 40, 0.04936255695289634]
[42, 41, 0.047168092201392509]
[42, 42, 0.047456862952335206]
[42, 43, 0.047768578412731418]
[42, 44, 0.044902103002912828]
[42, 45, 0.045887523043318452]
[42, 46, 0.045863874034025032]
[42, 47, 0.046788189714494693]
[42, 48, 0.047034424077080743]
[42, 49, 0.046333342687987673]
[42, 50, 0.047661707737646532]
[43, 1, 0.067173403369835405]
[43, 2, 0.062954877304407603]
[43, 3, 0.063583833370926587]
[43, 4, 0.061122646469513126]
[43, 5, 0.061327759465067799]
[43, 6, 0.058509794863859189]
[43, 7, 0.056693498340273353]
[43, 8, 0.059227941656361978]
[43, 9, 0.063573922606344244]
[43, 10, 0.060634191086383397]
[43, 11, 0.059421170912481565]
[43, 12, 0.059429076946772554]
[43, 13, 0.062458429317242735]
[43, 14, 0.058019150379940904]
[43, 15, 0.057709370202192023]
[43, 16, 0.057712309754992912]
[43, 17, 0.058344481089705504]
[43, 18, 0.057220234913601752]
[43, 19, 0.058850712773201398]
[43, 20, 0.059180294123705485]
[43, 21, 0.056757981526815354]
[43, 22, 0.058688832869201811]
[43, 23, 0.058971376099644278]
[43, 24, 0.056695811326874034]
[43, 25, 0.057873461053184166]
[43, 26, 0.059332406782219738]
[43, 27, 0.060443332670374987]
[43, 28, 0.056522363678820346]
[43, 29, 0.059065969095381643]
[43, 30, 0.056551298939326082]
[43, 31, 0.056175708460170261]
[43, 32, 0.053453068624602897]
[43, 33, 0.054281647546583024]
[43, 34, 0.055175859025151659]
[43, 35, 0.058465427917671821]
[43, 36, 0.058348118125861]
[43, 37, 0.056166604048984659]
[43, 38, 0.056032156846332594]
[43, 39, 0.057370643201200805]
[43, 40, 0.054765581305198562]
[43, 41, 0.056688512037960465]
[43, 42, 0.055976979188870457]
[43, 43, 0.056020040642502537]
[43, 44, 0.058100230297845688]
[43, 45, 0.058528728375511929]
[43, 46, 0.057586423883692173]
[43, 47, 0.054183622416868443]
[43, 48, 0.057024325368419372]
[43, 49, 0.056163759932505754]
[43, 50, 0.057244270627812698]
[44, 1, 0.053369732539426715]
[44, 2, 0.051686364653470651]
[44, 3, 0.052405662452032091]
[44, 4, 0.052625064786558741]
[44, 5, 0.054373989784063465]
[44, 6, 0.052884251494055463]
[44, 7, 0.050593523390302472]
[44, 8, 0.051315958202078051]
[44, 9, 0.052085506414483354]
[44, 10, 0.0506482246202513]
[44, 11, 0.052742884549895834]
[44, 12, 0.05168553636295873]
[44, 13, 0.050575750374057642]
[44, 14, 0.04961049459357466]
[44, 15, 0.051355273670564028]
[44, 16, 0.052266641103064594]
[44, 17, 0.050142570338779877]
[44, 18, 0.049993740090148717]
[44, 19, 0.049753726452767273]
[44, 20, 0.05167377275412588]
[44, 21, 0.050485350393390825]
[44, 22, 0.049975331705341602]
[44, 23, 0.05163784466519835]
[44, 24, 0.049217702834445279]
[44, 25, 0.050257473551081608]
[44, 26, 0.050850521951096531]
[44, 27, 0.050933182649276945]
[44, 28, 0.050945420625078182]
[44, 29, 0.050861886176643292]
[44, 30, 0.04985636007242316]
[44, 31, 0.050135082828423036]
[44, 32, 0.050034887069986551]
[44, 33, 0.050248672963130403]
[44, 34, 0.050671705990893094]
[44, 35, 0.048546113414704467]
[44, 36, 0.051006657275364548]
[44, 37, 0.048639611586255377]
[44, 38, 0.050400748665721716]
[44, 39, 0.049429901944532145]
[44, 40, 0.04968170847806392]
[44, 41, 0.050025237055328825]
[44, 42, 0.048462461256061913]
[44, 43, 0.050303823432832462]
[44, 44, 0.049107256895177601]
[44, 45, 0.049901974380715183]
[44, 46, 0.049343807744970526]
[44, 47, 0.049715862670308253]
[44, 48, 0.051638920791918813]
[44, 49, 0.049218553047581888]
[44, 50, 0.049997327785681861]
[45, 1, 0.055656634337626437]
[45, 2, 0.056926264809316139]
[45, 3, 0.0554334665982361]
[45, 4, 0.05416502342418629]
[45, 5, 0.054320611221582112]
[45, 6, 0.056454865128188765]
[45, 7, 0.055852925129902253]
[45, 8, 0.054898838746788178]
[45, 9, 0.053376374004693257]
[45, 10, 0.052407046626708503]
[45, 11, 0.052615999077709745]
[45, 12, 0.05589038461562866]
[45, 13, 0.054983678242098648]
[45, 14, 0.053618543781097427]
[45, 15, 0.052582693966366507]
[45, 16, 0.0512926532908324]
[45, 17, 0.052902472976814156]
[45, 18, 0.051415189879984044]
[45, 19, 0.051105225602274831]
[45, 20, 0.051933539559629573]
[45, 21, 0.052586668000886447]
[45, 22, 0.051142137642336695]
[45, 23, 0.052010333199263743]
[45, 24, 0.052015841150759461]
[45, 25, 0.052833796739562885]
[45, 26, 0.053251129604994223]
[45, 27, 0.051084562910634047]
[45, 28, 0.052792411190188543]
[45, 29, 0.053423957185065242]
[45, 30, 0.050824319698371978]
[45, 31, 0.051517932334175273]
[45, 32, 0.05209141754038138]
[45, 33, 0.053242835810662692]
[45, 34, 0.053194872140815926]
[45, 35, 0.051831109209608275]
[45, 36, 0.05169520264788692]
[45, 37, 0.052267483876715655]
[45, 38, 0.0531341031700545]
[45, 39, 0.052314793347525618]
[45, 40, 0.05115378711764617]
[45, 41, 0.051968039090876536]
[45, 42, 0.053179697790367145]
[45, 43, 0.050791196095175725]
[45, 44, 0.052678987295397925]
[45, 45, 0.051573087585009524]
[45, 46, 0.05337281333158693]
[45, 47, 0.052654497347812974]
[45, 48, 0.050662825909157612]
[45, 49, 0.052069115465573176]
[45, 50, 0.050795196663587276]
[46, 1, 0.055678004430782642]
[46, 2, 0.055202948833809169]
[46, 3, 0.051003874289006629]
[46, 4, 0.055665293900223935]
[46, 5, 0.053876677802929637]
[46, 6, 0.052788810343181093]
[46, 7, 0.052906932145009362]
[46, 8, 0.051664707400046646]
[46, 9, 0.05077772234703138]
[46, 10, 0.050465782372795608]
[46, 11, 0.051531778248268642]
[46, 12, 0.053215338835872449]
[46, 13, 0.051828094970782126]
[46, 14, 0.052561179756588597]
[46, 15, 0.052338893919764207]
[46, 16, 0.051603234846407796]
[46, 17, 0.052302092625277845]
[46, 18, 0.051597229455786327]
[46, 19, 0.052905073423578593]
[46, 20, 0.049159179862940973]
[46, 21, 0.051325190833866455]
[46, 22, 0.051627916170831019]
[46, 23, 0.051126697493494702]
[46, 24, 0.050346291808573099]
[46, 25, 0.051969432746097236]
[46, 26, 0.050649157437740004]
[46, 27, 0.050853874218159852]
[46, 28, 0.05164530464305047]
[46, 29, 0.052194015692377832]
[46, 30, 0.051008110473222255]
[46, 31, 0.049494093873429339]
[46, 32, 0.050527996651919121]
[46, 33, 0.050553897009787657]
[46, 34, 0.051496639101021563]
[46, 35, 0.05208085625946493]
[46, 36, 0.054242941265153763]
[46, 37, 0.052917068443587602]
[46, 38, 0.052678431646244181]
[46, 39, 0.049715607907894435]
[46, 40, 0.050625094954114533]
[46, 41, 0.050464719166331579]
[46, 42, 0.048997756631210976]
[46, 43, 0.050675747732488216]
[46, 44, 0.051460278236417044]
[46, 45, 0.051169880018791754]
[46, 46, 0.050444227590143005]
[46, 47, 0.050240799031620251]
[46, 48, 0.050826722218898161]
[46, 49, 0.052001567865872254]
[46, 50, 0.050425985254266781]
[47, 1, 0.058139889482898721]
[47, 2, 0.057302126673316231]
[47, 3, 0.057181642053885304]
[47, 4, 0.056578548227705742]
[47, 5, 0.055631314631800155]
[47, 6, 0.056511542264888283]
[47, 7, 0.05570937760070066]
[47, 8, 0.056280526277696474]
[47, 9, 0.059005814678131631]
[47, 10, 0.055328442019685418]
[47, 11, 0.053941733132969391]
[47, 12, 0.053846915498911144]
[47, 13, 0.055257631064187886]
[47, 14, 0.05361093751353542]
[47, 15, 0.055836995930576047]
[47, 16, 0.055299609323696208]
[47, 17, 0.055593151083187763]
[47, 18, 0.054815956440949283]
[47, 19, 0.054131439468937101]
[47, 20, 0.052750439211168683]
[47, 21, 0.054844348600228451]
[47, 22, 0.053938725298846961]
[47, 23, 0.054484369691750766]
[47, 24, 0.055741665232667381]
[47, 25, 0.054901442799152364]
[47, 26, 0.052955306025845847]
[47, 27, 0.055068804873796853]
[47, 28, 0.05255253329776334]
[47, 29, 0.056933042981002095]
[47, 30, 0.054327439524083303]
[47, 31, 0.054829948884239033]
[47, 32, 0.053999174557604827]
[47, 33, 0.053846006039314963]
[47, 34, 0.052679507385035497]
[47, 35, 0.053505497797399292]
[47, 36, 0.052760068442088366]
[47, 37, 0.054705486584797548]
[47, 38, 0.054203526912544077]
[47, 39, 0.054117242368073873]
[47, 40, 0.054648846663133903]
[47, 41, 0.054144430722388573]
[47, 42, 0.052238154385062685]
[47, 43, 0.052472936814276554]
[47, 44, 0.054253643992681642]
[47, 45, 0.054882835330577494]
[47, 46, 0.053610398924280607]
[47, 47, 0.051563799592046274]
[47, 48, 0.053785700271362293]
[47, 49, 0.053034415753818939]
[47, 50, 0.053818780216460985]
[48, 1, 0.056990233768336264]
[48, 2, 0.05899192878932457]
[48, 3, 0.054793769474157775]
[48, 4, 0.054054642254488125]
[48, 5, 0.056561857955362178]
[48, 6, 0.056258417754954361]
[48, 7, 0.053952395054744702]
[48, 8, 0.054143925477227461]
[48, 9, 0.053845806674505378]
[48, 10, 0.053610349427169343]
[48, 11, 0.053025089700062908]
[48, 12, 0.055976677064998502]
[48, 13, 0.051693670714209335]
[48, 14, 0.05397357776340115]
[48, 15, 0.050814487273722987]
[48, 16, 0.053422000228345527]
[48, 17, 0.052481096491413241]
[48, 18, 0.050566195806087365]
[48, 19, 0.052030853374067758]
[48, 20, 0.0511306991098801]
[48, 21, 0.052139051971720404]
[48, 22, 0.052440823279346037]
[48, 23, 0.050727410943627545]
[48, 24, 0.053491365930853317]
[48, 25, 0.054203543841728659]
[48, 26, 0.054257991425143967]
[48, 27, 0.054120971030865106]
[48, 28, 0.053597172031297664]
[48, 29, 0.05088863608168024]
[48, 30, 0.051321443975882119]
[48, 31, 0.050691022982351876]
[48, 32, 0.052379557612700127]
[48, 33, 0.055849617807623937]
[48, 34, 0.053294913513338746]
[48, 35, 0.053969755603922601]
[48, 36, 0.052814445819331264]
[48, 37, 0.053330424811781262]
[48, 38, 0.050590625757294672]
[48, 39, 0.052018958830307542]
[48, 40, 0.051177137022284068]
[48, 41, 0.052805343989117015]
[48, 42, 0.051869068512504501]
[48, 43, 0.051695024197172493]
[48, 44, 0.054561444937825977]
[48, 45, 0.052322490097413452]
[48, 46, 0.052797678205682312]
[48, 47, 0.053780153930070906]
[48, 48, 0.053007087584929072]
[48, 49, 0.052747169807573345]
[48, 50, 0.052489952258588143]
[49, 1, 0.059259016416470092]
[49, 2, 0.057211829869367521]
[49, 3, 0.055927361043556285]
[49, 4, 0.056389906761581329]
[49, 5, 0.05568696257437282]
[49, 6, 0.057210688063835058]
[49, 7, 0.056533535515613971]
[49, 8, 0.056034941241199225]
[49, 9, 0.055642224007434238]
[49, 10, 0.05531319560546645]
[49, 11, 0.056544411921981612]
[49, 12, 0.054552932903371473]
[49, 13, 0.055005238742810339]
[49, 14, 0.054721071326119773]
[49, 15, 0.054519335841076565]
[49, 16, 0.052574821055763062]
[49, 17, 0.055665011540381712]
[49, 18, 0.056444368942987898]
[49, 19, 0.055222043221757632]
[49, 20, 0.053588625516938125]
[49, 21, 0.055781307070954189]
[49, 22, 0.055754260706510107]
[49, 23, 0.055580208820981927]
[49, 24, 0.054125760558341451]
[49, 25, 0.052458495638139806]
[49, 26, 0.052578577985881315]
[49, 27, 0.055568212868719713]
[49, 28, 0.055287321833595852]
[49, 29, 0.054127990144154862]
[49, 30, 0.054897298099786641]
[49, 31, 0.055793740703091746]
[49, 32, 0.055309911559470404]
[49, 33, 0.055931420106355718]
[49, 34, 0.057331522486413863]
[49, 35, 0.053653518126349171]
[49, 36, 0.054086244052139187]
[49, 37, 0.052851287106806276]
[49, 38, 0.053625085312945929]
[49, 39, 0.054464315587459018]
[49, 40, 0.052511743926304609]
[49, 41, 0.055223678823416431]
[49, 42, 0.051922185987060221]
[49, 43, 0.053846280446012237]
[49, 44, 0.053581512785738826]
[49, 45, 0.054064743452552425]
[49, 46, 0.054098529036827707]
[49, 47, 0.055090266491404714]
[49, 48, 0.053903637346080335]
[49, 49, 0.05161662512763103]
[49, 50, 0.051821224668824724]
